1414 0111401401104101

1414111410140114140 4140141'104
116161 '

m v. c. unm 8111111111.

010 1740 1004 4440

66-111 611- 666 11. 11611616111616 ············· 111 661 444 444
111116 661116161161116166111 ······ 1 1
116116 661- 666 661661161661116611161 ········· 1 1 1 11
1111161161 11111161 11111 ··········· 4 1 6 16
611. 111 111111 11111111111111ῑῑῑῑῑῑῑ :111 111 16 111 111
- 616161 1111111161 ··············· 1 11 16 116
161166 666661 1111166166111 ················ 6 61 16 11
166161 661-611 1166661616 61111 ··············· 40 661 666 1161
!¹³⁸· 141 661661 1116116116166161611 ··········· 66 111 616 666
Ι 6111111616666161616666161611 11(1. 11111
61111 111-111 45³40041040140040043‘001'.· ....... 11111 111 111
61166161111161111 ············ 16 116 616 661
· 166116 111116. 11. 11111111 61. 11 6661161116 · · 4 4
161166 611666 1161161166111616616. 61 11116111 111111 66 61 166 666
116111111161 ··············· 6 40 61 161
1-111166 666611 6611661116 ·················· 6 116 166 661
66166161661111611 .............. 6 66 66 66
166 616 6111111116 6111116111 ············· 6 16 66 11
166 616 11111116 11111616 ............... 1 6 16 44
Ι 6161116616611111161111161 ····· · 1 4 1
1 1111111 6116111111611.6111 ......... . 1 1 11
1-66 161 616 611 6166111111 61611 ............... . 16 . 16
166161616666 61661161161616 ··············· 1 11 61 66
166611 616-661 6161111116 61111616 ............. 66 666 166 616
1111166661 ················· 6 111 100 441
4400-417 040- 116 11111616 1111111116 1661161616 11111 61111
. 61111 ···················· 44 661 400 611
611111611161111 ·············· 1 66 1 61
166-611611-661 6616616116 11161 .............. 4 144 61 616
16616 616611 11. 6611116 1116111616 ............ 4 66 61 166
616616 616611 11 661111611111111611116 ········· 4 16 16 66
616-1661111671 6 1111111116 1661161616 1111111161161116· 11 661 66 611
1111166111111611111116111111 ..... 1 11 9 23
11111161111161111611116111111 ...... . 11 1 19
1161161166161 1116111111 ......... , 1 2 ΙΙ
11111 1161111116 6116111111 111111 ······ · 16 11 66
, 11111 1111661 ················· · 11 66 66
661-6616116666 611161611611611111 ············· 44 441 401 666
1 6111161611 11111611 6661161 1116116661
· 6111111 ··················· 1 1 1ο. 16
11111 1116111 ················ 4 11 61 166
661-6666616661 1111161161611111111616 ·········· 6 16 61 161
61111616111111611.····.····,.... · 4 6 11
661 666 666- 661 1611161616111111111116 ........... . 6 6
611 -444 666 001 6111116116161111111116 .......... . 11 16 66
166 661 (1611116161. 1116161616 11111 ········ - 4 14 66
666 001 6611111616 11. 1611161616 1611 ········ · 1 1 16

1100 0009 4064 14100

 

 

 

